11961,9106,7953,11922,8909,4983,14455,13731,2838,7337,13676,7420,9148,12113,10753,8986,4963,15453,12583,15131,11072,11673,7599,7127,8291,5488,10340,10869,12055,13804,8740,9933,12001,2510,10684,10557,9731,8880,7411,7589,12074,9508,6984,6508,10084,9455,4091,10806,9428,6241,4553,12242,10212,10128,12285,13621,7939,10777,12190,10820,12220,11737,10880,13574,14534,10320,10506,14310,9636,12713,7520,10903,7583,11873,8249,8553,4636,5098,8922,9437,9068,14252,5634,4650,8698,5626,9200,5082
13479,8784,7687,12888,10086,5602,16520,15284,3342,6593,14824,7660,8912,13397,10892,11499,6452,17172,15807,17259,12143,11822,8881,8553,7909,4857,11620,11351,13240,15421,9245,12412,13829,2485,10911,13228,10934,8140,8909,9516,12361,11827,8386,7907,9701,11425,3719,12154,9142,7019,5537,13588,10603,10052,12905,15794,7871,10658,13535,11245,14215,12333,11455,15191,15871,10155,10174,16585,9849,13602,7650,12162,7997,15092,8921,9047,6054,6302,10858,9193,11402,16293,6271,3835,9972,7134,10700,6553
9106,9324,7966,9970,6540,3792,10580,10762,1928,8182,11264,6838,9208,9530,10228,4700,2190,12136,6864,11116,8924,10860,5102,4414,8522,6316,7876,9514,9762,10650,7588,5650,8506,2434,10004,5914,7406,9640,4768,4040,11296,5426,4538,4110,10354,6064,4536,8242,9442,4860,2890,9734,9012,9820,10730,9570,7816,10364,9484,9642,8550,10254,9622,10454,11790,10198,10754,10068,8780,10778,7066,8624,6490,6250,6942,7290,2090,2814,5328,9338,4908,10398,4396,5816,6432,2840,6534,2582
7953,7966,9485,8496,8657,3719,10175,9349,1698,8961,11500,4950,8180,10077,7769,2860,5489,10929,7633,10913,8562,12541,7463,6863,9223,5542,7720,11941,8025,10644,7322,4031,9869,2662,7846,4775,7413,10688,3737,6761,8164,5088,3050,2204,9092,3421,4221,7592,10438,2735,1149,7108,11750,10060,11761,9827,6149,13205,10424,10588,8124,11089,7696,10014,11926,9528,8132,10316,10890,10607,5954,5383,8595,5979,5049,9433,3622,5432,7622,11137,5844,10448,4172,4880,4138,5350,4554,1478
11922,9970,8496,12225,8630,4944,14200,13803,2742,8174,13856,7891,9940,12092,11536,8233,4165,15522,11449,14867,11177,12198,7158,6566,8984,6259,10262,11094,12259,13738,9019,9243,11596,2666,11389,9759,9647,9792,7087,6746,12905,8788,6723,6250,11038,9107,4589,10755,10115,6343,4400,12431,10425,10794,12624,13201,8605,11314,12109,11186,11866,12070,11378,13526,14666,11118,11559,13875,9963,13013,8003,11104,7664,10775,8522,8646,3991,4525,8190,10040,8216,13964,5637,5487,8680,4918,9059,4632
8909,6540,8657,8630,9870,4158,11800,10166,2134,7403,11992,4382,6920,10939,6692,5371,7650,11864,11223,12599,9079,12006,8971,8627,8083,4073,8624,12053,8418,11751,7253,6446,11627,2447,6943,7478,8284,9044,5069,9232,7085,7501,4216,3345,7511,5009,3303,8480,9380,2991,1895,7582,11835,9128,11743,11772,5135,12538,11423,10407,9837,11055,7301,11077,12597,8321,6388,12345,10681,10756,5336,5758,8843,9470,5019,9717,5452,7080,9930,10255,8502,12123,4559,3199,4860,7366,5598,2959
14849,11322,11211,14735,12510,6388,18390,17035,3520,10123,17840,8757,11524,15921,12862,10444,7865,19364,16314,19364,14148,16094,10895,10295,11273,6920,13254,15349,14743,17809,11236,11799,16081,3405,12904,12819,12549,12276,8950,10948,14238,11897,8183,7355,12661,10758,5270,13611,12891,7004,4945,14525,14656,13402,16497,17603,9598,15534,16204,14569,15463,15687,13215,17295,18883,13223,12539,18484,13624,16423,9287,12484,10897,14875,9767,12173,6583,7757,12484,13289,11942,18351,7164,5774,10056,8344,10829,5867
4983,3792,3719,4944,4158,2138,6160,5716,1182,3361,5960,2948,3856,5317,4324,3531,2596,6492,5463,6483,4735,5350,3617,3417,3749,2313,4436,5095,4952,5957,3757,3980,5365,1133,4335,4316,4198,4076,3013,3636,4793,3995,2762,2491,4237,3641,1759,4562,4286,2371,1681,4892,4859,4468,5497,5890,3223,5146,5407,4853,5183,5229,4439,5791,6311,4419,4214,6185,4521,5490,3114,4218,3613,4996,3289,4039,2190,2566,4154,4409,3994,6141,2399,1931,3396,2766,3652,1985
6127,5624,6927,6352,6754,2870,7940,7136,1358,6369,8696,3548,5824,7717,5536,2647,4608,8344,6479,8507,6499,9274,5929,5537,6653,3813,5956,8975,6052,8185,5449,3504,7765,1945,5635,4128,5722,7644,3061,5616,5821,4311,2506,1863,6433,2857,2951,5850,7582,2067,993,5372,8831,7316,8793,7758,4351,9758,8011,7881,6427,8285,5635,7699,9051,6847,5662,8141,8117,7950,4298,4054,6501,5208,3737,7135,3118,4446,6218,8153,4946,8161,3195,3271,3212,4462,3596,1405
14455,10580,10175,14200,11800,6160,17850,16530,3470,9085,16960,8440,10760,15185,12290,10765,7450,18730,16175,18755,13565,14840,10305,9785,10285,6315,12780,14175,14310,17115,10655,11990,15425,3135,12325,12950,12080,11060,8945,10530,13695,11885,8250,7525,11795,10965,4815,13190,11790,7015,5125,14260,13465,12420,15445,17080,9095,14100,15425,13595,15105,14705,12705,16685,18005,12325,11850,17935,12515,15600,8810,12400,10045,14950,9525,11255,6430,7330,12010,12085,11790,17755,6905,5205,10040,7990,10800,6075
13731,10762,9349,13803,10166,5716,16530,15803,3228,8737,15792,8681,10788,13927,12618,10054,5457,17784,14080,17306,12766,13622,8605,8021,9783,6574,11862,12599,13919,15851,10146,11167,13671,2943,12514,11851,11161,10540,8400,8456,14148,10679,7927,7377,11919,10728,4876,12403,11091,7194,5167,14121,11842,11882,14255,15519,9348,12606,13998,12579,13925,13621,12669,15589,16761,12141,12427,16306,11214,14723,8807,12580,8767,13267,9565,9887,5119,5685,10024,11079,10138,16289,6478,5632,9976,6244,10513,5677
2838,1928,1698,2742,2134,1182,3470,3228,696,1486,3160,1646,1952,2842,2354,2342,1328,3630,3248,3628,2578,2574,1866,1786,1750,1094,2452,2454,2804,3260,1982,2544,2906,544,2354,2712,2308,1824,1844,1966,2662,2432,1734,1628,2132,2356,832,2562,2014,1472,1138,2866,2298,2196,2778,3308,1712,2342,2870,2428,2972,2654,2452,3208,3376,2220,2226,3474,2142,2908,1654,2558,1726,3088,1894,1950,1238,1310,2256,2026,2344,3424,1326,882,2084,1472,2230,1332
7337,8182,8961,8174,7403,3361,9085,8737,1486,8829,10612,5140,8276,9101,8051,2132,3921,10151,5851,9727,7934,11711,6143,5479,8947,5826,6980,10813,7685,9638,6950,3231,8477,2540,8018,3759,6677,10440,3227,5103,8528,4026,2708,1986,9278,3095,4327,6942,10016,2817,1101,6934,10594,9736,10905,8547,6383,12199,9320,9870,7130,10309,7670,9128,10968,9470,8642,8980,9982,9951,5980,5441,7671,4491,5053,8441,2552,4146,6034,10489,4456,9254,3828,5300,4006,3962,4240,1064
13676,11264,11500,13856,11992,5960,16960,15792,3160,10612,17056,8304,11456,15108,12368,8604,7344,18032,14348,17916,13356,16120,10356,9684,11524,7156,12368,15276,13696,16708,10820,10000,15044,3428,12396,10960,11736,12784,7844,10064,13556,10364,7080,6204,12644,9140,5420,12616,13112,6204,4084,13264,14684,13392,16148,16200,9356,15880,15404,14340,14092,15332,12524,16140,17964,13148,12312,17012,13684,15752,9000,11208,10852,12784,9044,12076,5880,7320,11528,13588,10568,16996,6700,6108,8912,7704,9584,4788
7420,6838,4950,7891,4382,2948,8440,8681,1646,5140,8304,5521,6684,7046,8040,5001,1079,9646,5953,8775,6833,7102,3340,2892,5562,4403,6122,6056,7929,8160,5619,5577,6294,1616,7821,5685,5705,6072,4335,2758,9077,4922,4285,4124,7500,5987,3117,6573,6149,4451,3034,8277,5561,6758,7434,7559,5997,6250,6909,6616,6996,7156,7628,8168,8788,7288,8257,7955,5531,7987,5373,7668,4018,5869,5784,4600,1569,1619,3806,5826,4140,8150,3429,4027,5824,1806,5889,2818
9148,9208,8180,9940,6920,3856,10760,10788,1952,8276,11456,6684,9136,9756,10024,4704,2700,12208,7240,11328,9024,11144,5508,4836,8636,6224,8008,9900,9716,10844,7648,5684,8860,2476,9840,6020,7548,9776,4792,4528,11032,5596,4500,4020,10252,5944,4504,8324,9604,4704,2780,9596,9424,9912,10972,9828,7672,10760,9760,9852,8708,10468,9508,10596,11988,10180,10500,10336,9104,10900,6996,8400,6812,6500,6820,7628,2388,3228,5776,9596,5224,10628,4448,5688,6304,3264,6460,2580
12113,9530,10077,12092,10939,5317,15185,13927,2842,9101,15108,7046,9756,13489,10479,7890,7123,15935,13349,16053,11812,14207,9575,9039,9975,5956,11032,13645,11979,14898,9480,9117,13665,2992,10560,10053,10483,11016,7065,9527,11470,9538,6326,5518,10722,8125,4569,11208,11410,5335,3593,11544,13144,11620,14277,14629,7905,14063,13806,12650,12678,13541,10786,14356,15932,11282,10292,15358,12160,13865,7710,9669,9755,11873,7797,10841,5634,6952,10750,11925,9864,15262,5946,4982,7790,7350,8466,4400
10753,10228,7769,11536,6692,4324,12290,12618,2354,8051,12368,8040,10024,10479,11794,6783,1794,14074,8449,12813,10071,10964,5127,4431,8603,6689,8980,9417,11510,12017,8365,7694,9343,2485,11487,7886,8388,9500,6103,4162,13237,6919,5982,5679,11257,8275,4753,9578,9514,6273,4139,11876,8731,10284,11275,11028,8857,9896,10315,10065,10115,10831,11155,11967,13047,10975,12198,11605,8633,11884,7950,10884,6299,8174,8347,7169,2298,2574,5686,9131,5914,11921,5027,6135,8224,2778,8320,3801
8986,4700,2860,8233,5371,3531,10765,10054,2342,2132,8604,5001,4704,7890,6783,9406,3332,11089,11129,11111,7452,5319,4766,4718,3228,2112,7322,5098,8774,9533,5328,9724,8322,1115,6748,10120,6816,2788,6609,5625,8000,8653,6455,6407,5049,9149,1609,7897,3815,5381,4682,9543,4476,4858,6686,10208,4665,3895,7842,5677,9539,6464,7295,9621,9385,5239,5981,10722,4196,7896,4511,9019,3488,11252,6112,4086,3883,3263,6510,3510,7858,10411,3958,1472,7490,4066,7957,5429
4963,2190,5489,4165,7650,2596,7450,5457,1328,3921,7344,1079,2700,7123,1794,3332,7595,6628,8886,8068,5308,7682,7437,7429,4491,1096,5378,8511,4021,7387,3996,4037,8499,1439,2216,5081,5263,4988,3018,8324,1610,5427,2157,1385,2727,2138,1226,4985,5465,572,435,3039,8560,4926,7411,8009,1410,8626,7716,6499,6349,6885,2837,6709,7729,3757,1161,8380,7352,6197,2077,1556,6531,7185,1733,7079,5069,6575,8380,6555,6914,7941,2708,378,1800,6872,2591,1833
15453,12136,10929,15522,11864,6492,18730,17784,3630,10151,18032,9646,12208,15935,14074,11089,6628,20070,16027,19643,14489,15816,10107,9443,11315,7447,13472,14733,15604,18037,11539,12396,15727,3401,13993,13236,12698,12252,9373,9950,15719,12031,8772,8083,13477,11777,5555,14016,12848,7879,5603,15698,13917,13632,16419,17662,10459,14836,16069,14501,15751,15667,14183,17675,19115,13803,13860,18555,13119,16766,9908,13852,10307,14948,10631,11589,5992,6808,11682,12947,11594,18521,7341,6357,11008,7414,11654,6249
12583,6864,7633,11449,11223,5463,16175,14080,3248,5851,14348,5953,7240,13349,8449,11129,8886,16027,17094,17008,11519,11763,10361,10225,7259,3445,11326,12031,11772,15090,8545,12058,14629,2356,8711,13222,10748,7408,8524,11627,9481,12176,7709,7026,7702,10180,2886,11563,8617,5634,4681,11675,11475,9142,12701,15996,6046,11207,13753,11010,14034,12051,9598,14624,15372,8626,7355,16779,10289,12812,6325,9959,8767,15826,7407,9795,7421,8133,12588,9173,12564,16224,5989,2291,8562,9044,9573,6338
15131,11116,10913,14867,12599,6483,18755,17306,3628,9727,17916,8775,11328,16053,12813,11111,8068,19643,17008,19726,14277,15843,11029,10477,10971,6663,13450,15179,14950,18034,11235,12428,16341,3340,12869,13472,12726,11840,9306,11259,14239,12428,8539,7738,12414,11290,5096,13841,12583,7216,5233,14817,14457,13178,16405,17986,9504,15167,16335,14450,15850,15607,13270,17544,19004,13010,12361,18885,13411,16458,9235,12803,10783,15628,9899,12063,6851,7903,12792,12957,12428,18692,7259,5485,10378,8576,11195,6262
11072,8924,8562,11177,9079,4735,13565,12766,2578,7934,13356,6833,9024,11812,10071,7452,5308,14489,11519,14277,10594,12179,7784,7272,8718,5578,9826,11440,11142,13215,8514,8484,11700,2605,10050,9168,9292,9564,6531,7601,11146,8491,6011,5413,9963,7927,4191,10125,9907,5347,3668,11007,10906,10306,12408,12868,7551,11723,11976,10991,11337,11810,10165,12859,14111,10277,9977,13516,10222,12380,7203,9519,8066,10508,7482,9020,4503,5371,8818,10128,8406,13501,5340,4766,7562,5742,8061,4175
11673,10860,12541,12198,12006,5350,14840,13622,2574,11711,16120,7102,11144,14207,10964,5319,7682,15816,11763,15843,12179,16862,10399,9639,12247,7341,11104,16097,11698,15211,10217,6862,14063,3571,11067,7894,10628,14020,5921,9696,11665,8041,5008,3917,12347,5941,5603,11032,13900,4379,2267,10654,15751,13592,16115,14324,8555,17474,14651,14443,12025,15219,10993,14417,16801,12957,11260,15037,14589,14844,8304,8358,11567,9662,7439,12737,5364,7568,10930,14755,8894,15135,5995,6379,6540,7614,7166,2851
7599,5102,7463,7158,8971,3617,10305,8605,1866,6143,10356,3340,5508,9575,5127,4766,7437,10107,10361,11029,7784,10399,8297,8065,6789,3080,7500,10675,6985,10228,6132,5699,10455,2082,5420,6707,7229,7568,4413,8755,5358,6796,3584,2772,5916,4161,2597,7298,7956,2271,1487,6150,10532,7648,10171,10443,3933,11007,10074,8988,8644,9551,5856,9578,10890,6768,4718,10946,9396,9175,4264,4481,7913,8687,3983,8671,5228,6750,9254,8859,7892,10660,3926,2270,3926,7046,4664,2630
7127,4414,6863,6566,8627,3417,9785,8021,1786,5479,9684,2892,4836,9039,4431,4718,7429,9443,10225,10477,7272,9639,8065,7897,6141,2568,7084,10043,6433,9652,5652,5579,10047,1906,4748,6587,6837,6800,4245,8667,4606,6668,3424,2644,5148,3961,2237,6866,7252,2023,1399,5622,9924,6944,9475,10003,3381,10247,9546,8348,8260,8887,5248,9018,10202,6032,3934,10482,8788,8511,3784,4025,7489,8599,3575,8199,5228,6670,9078,8163,7796,10148,3686,1774,3622,6998,4376,2614
8291,8522,9223,8984,8083,3749,10285,9783,1750,8947,11524,5562,8636,9975,8603,3228,4491,11315,7259,10971,8718,12247,6789,6141,9205,5914,7784,11391,8563,10684,7478,4357,9479,2642,8586,4957,7431,10624,3971,5915,9188,5072,3414,2676,9644,4079,4415,7792,10346,3333,1591,7876,11114,10164,11603,9729,6743,12607,10208,10452,8212,10979,8336,10170,11970,9896,9060,10220,10438,10757,6366,6309,8089,5881,5627,8923,3114,4656,6914,10819,5468,10432,4252,5304,4766,4578,5078,1698
5488,6316,5542,6259,4073,2313,6315,6574,1094,5826,7156,4403,6224,5956,6689,2112,1096,7447,3445,6663,5578,7341,3080,2568,5914,4442,4806,6352,6022,6553,4898,2776,5108,1659,6522,2908,4528,6820,2585,2143,7314,2757,2441,2131,7037,3189,3173,4999,6513,2857,1476,5893,6066,6646,7040,5632,5189,7173,5924,6377,4975,6718,6147,6397,7433,6883,7211,5928,5942,6904,4641,5145,4326,2976,4310,4836,957,1585,2982,6472,2474,6227,2704,4166,3718,1482,3719,1121
10340,7876,7720,10262,8624,4436,12780,11862,2452,6980,12368,6122,8008,11032,8980,7322,5378,13472,11326,13450,9826,11104,7500,7084,7784,4806,9204,10572,10278,12360,7798,8254,11128,2352,9002,8950,8710,8464,6250,7536,9954,8284,5730,5168,8800,7554,3654,9466,8898,4922,3488,10154,10082,9276,11408,12218,6694,10680,11218,10072,10752,10852,9216,12016,13096,9176,8754,12830,9382,11394,6466,8756,7496,10358,6828,8380,4538,5318,8612,9152,8280,12740,4978,4014,7048,5732,7578,4116
10869,9514,11941,11094,12053,5095,14175,12599,2454,10813,15276,6056,9900,13645,9417,5098,8511,14733,12031,15179,11440,16097,10675,10043,11391,6352,10572,15713,10619,14504,9492,6577,13917,3354,9628,7729,10159,13024,5595,10325,9906,8000,4588,3456,10896,5271,4963,10378,13032,3633,1861,9438,15460,12584,15353,13929,7371,16929,14190,13728,11552,14461,9732,13642,15930,11700,9502,14614,14148,13901,7364,7111,11419,9781,6493,12533,5824,8118,11338,14073,9172,14576,5650,5362,5722,8218,6460,2734
12055,9762,8025,12259,8418,4952,14310,13919,2804,7685,13696,7929,9716,11979,11510,8774,4021,15604,11772,14950,11142,11698,6985,6433,8563,6022,10278,10619,12371,13715,8906,9723,11531,2559,11354,10215,9645,9228,7340,6692,12948,9103,7015,6601,10775,9588,4408,10827,9651,6574,4691,12673,9914,10442,12291,13291,8528,10650,11966,10859,12029,11769,11397,13557,14537,10837,11443,13970,9494,12863,7927,11432,7307,11231,8641,8275,4031,4381,8144,9499,8410,14025,5646,5248,8976,4844,9361,4957
12724,10310,7624,12988,7951,5097,14815,14701,2960,7478,13908,8670,10164,12078,12477,9703,3137,16357,11960,15404,11505,11331,6428,5852,8424,6303,10580,10024,13205,14045,9159,10591,11406,2519,12229,10951,9879,8956,7902,6069,14165,9535,7712,7427,11301,10742,4540,11302,9440,7418,5402,13812,9201,10504,12182,13577,9180,9871,11943,10741,12503,11714,12227,14025,14809,11191,12422,14277,8963,13173,8408,12745,6764,11747,9430,7740,3712,3698,7680,9030,8422,14377,5851,5555,9950,4228,10258,5507
13804,10650,10644,13738,11751,5957,17115,15851,3260,9638,16708,8160,10844,14898,12017,9533,7387,18037,15090,18034,13215,15211,10228,9652,10684,6553,12360,14504,13715,16625,10529,10821,15026,3219,12059,11781,11709,11676,8252,10229,13275,10975,7522,6727,11921,9852,4990,12672,12210,6448,4502,13462,13871,12644,15522,16387,8990,14751,15173,13721,14363,14754,12327,16125,17669,12451,11752,17207,12893,15383,8698,11525,10304,13697,9070,11500,6122,7288,11660,12610,11062,17097,6681,5485,9270,7808,9988,5347
11591,10902,9489,12323,8556,4846,13680,13573,2548,9457,14072,8181,10828,12087,12148,6784,3587,15314,9900,14366,11196,13172,6905,6161,10043,7184,10062,11779,12169,13561,9316,7917,11191,2913,11944,8361,9471,11220,6400,5986,13458,7649,6047,5507,12109,8088,5216,10503,11211,6074,3847,12161,11152,11722,13215,12569,9208,12516,12088,11809,11215,12621,11679,13299,14791,12071,12527,13216,10744,13333,8447,10750,8107,9097,8525,9107,3319,4145,7504,11159,7118,13479,5568,6482,8196,4324,8453,3767
8740,7588,7322,9019,7253,3757,10655,10146,1982,6950,10820,5619,7648,9480,8365,5328,3996,11539,8545,11235,8514,10217,6132,5652,7478,4898,7798,9492,8906,10529,6970,6212,9208,2203,8322,6728,7380,8324,4933,5755,9202,6301,4521,4011,8485,5905,3649,8015,8449,4173,2696,8717,9082,8694,10228,10044,6337,9953,9604,9105,8807,9730,8299,10221,11385,8683,8451,10552,8558,10084,5985,7485,6674,7676,6010,7448,3309,4137,6766,8636,6250,10619,4256,4278,5854,4338,6199,2961
9933,5650,4031,9243,6446,3980,11990,11167,2544,3231,10000,5577,5684,9117,7694,9724,4037,12396,12058,12428,8484,6862,5699,5579,4357,2776,8254,6577,9723,10821,6212,10187,9533,1441,7672,10679,7713,4100,7046,6476,8950,9261,6803,6647,6137,9526,2118,8807,5095,5684,4797,10369,5936,6082,8125,11399,5390,5534,9116,6973,10515,7819,8203,10827,10831,6387,6935,11972,5544,9179,5219,9628,4557,11967,6699,5257,4339,3953,7460,4885,8574,11675,4460,2054,7960,4744,8481,5591
12001,8506,9869,11596,11627,5365,15425,13671,2906,8477,15044,6294,8860,13665,9343,8322,8499,15727,14629,16341,11700,14063,10455,10047,9479,5108,11128,13917,11531,15026,9208,9533,14353,2896,9552,10661,10611,10376,7225,10855,10174,10210,6342,5454,9634,8029,4057,11192,10978,4887,3449,10952,13480,11076,14197,15141,7009,14111,14110,12522,12998,13429,10018,14388,15900,10450,8868,15886,12272,13609,7086,8949,10091,12929,7237,11177,6546,7992,11902,11717,10888,15614,5930,4038,7438,8502,8290,4656
2510,2434,2662,2666,2447,1133,3135,2943,544,2540,3428,1616,2476,2992,2485,1115,1439,3401,2356,3340,2605,3571,2082,1906,2642,1659,2352,3354,2559,3219,2203,1441,2896,765,2489,1633,2245,3028,1258,1881,2661,1645,1086,869,2755,1314,1248,2356,2982,1010,524,2366,3269,2940,3416,2987,1936,3663,3067,3067,2529,3232,2445,3067,3571,2849,2580,3137,3055,3183,1846,1901,2390,1949,1668,2638,1022,1460,2168,3128,1770,3179,1279,1467,1462,1460,1572,597
10684,10004,7846,11389,6943,4335,12325,12514,2354,8018,12396,7821,9840,10560,11487,6748,2216,13993,8711,12869,10050,11067,5420,4748,8586,6522,9002,9628,11354,12059,8322,7672,9552,2489,11218,7924,8424,9484,6075,4545,12866,7015,5903,5561,11031,8111,4663,9553,9527,6083,4016,11643,8970,10234,11348,11144,8631,10099,10440,10123,10157,10886,10937,11967,13075,10825,11837,11724,8798,11856,7799,10591,6494,8336,8158,7368,2539,2903,6018,9228,6142,12001,5020,5942,8042,3118,8185,3779
10557,5914,4775,9759,7478,4316,12950,11851,2712,3759,10960,5685,6020,10053,7886,10120,5081,13236,13222,13472,9168,7894,6707,6587,4957,2908,8950,7729,10215,11781,6728,10679,10661,1633,7924,11315,8397,4772,7418,7604,9106,9957,7055,6791,6473,9754,2274,9443,5827,5720,4821,10717,7100,6730,9109,12443,5546,6710,10136,7837,11331,8731,8539,11691,11839,6867,7043,13064,6540,9983,5471,9772,5445,12891,6891,6217,5023,4853,8588,5773,9486,12707,4808,2090,8152,5680,8781,5807
10960,9400,7946,11329,7853,4537,12995,12720,2498,7730,12788,7389,9352,11112,10825,7386,3606,14299,10231,13605,10308,11345,6456,5880,8438,5960,9418,10248,11336,12617,8368,8330,10552,2491,10668,8774,8850,9236,6439,5971,12100,7897,6123,5691,10405,8299,4351,9881,9475,5871,4016,11495,9628,10098,11692,12030,8095,10529,11110,10377,10823,11182,10603,12429,13521,10435,10917,12646,9236,12046,7491,10281,7058,9626,7918,7964,3495,3999,7330,9380,7330,12767,5186,5268,7990,4326,8305,4149
9731,7406,7413,9647,8284,4198,12080,11161,2308,6677,11736,5705,7548,10483,8388,6816,5263,12698,10748,12726,9292,10628,7229,6837,7431,4528,8710,10159,9645,11709,7380,7713,10611,2245,8424,8397,8251,8100,5856,7274,9274,7813,5339,4783,8289,7000,3456,8931,8503,4546,3203,9477,9712,8818,10875,11581,6264,10292,10680,9605,10155,10337,8635,11359,12419,8675,8171,12160,9016,10793,6075,8118,7223,9773,6369,8063,4371,5173,8272,8787,7878,12067,4704,3770,6548,5556,7065,3827
8880,9640,10688,9792,9044,4076,11060,10540,1824,10440,12784,6072,9776,11016,9500,2788,4988,12252,7408,11840,9564,14020,7568,6800,10624,6820,8464,13024,9228,11676,8324,4100,10376,3028,9484,4772,8100,12368,3992,6428,10060,5076,3344,2468,10940,3832,5088,8408,11920,3368,1368,8320,12764,11584,13096,10460,7520,14612,11300,11836,8724,12376,9124,11052,13228,11220,10136,10988,11988,11948,7088,6508,9264,5748,6024,10192,3280,5192,7520,12520,5640,11276,4628,6164,4840,5008,5160,1412
7411,4768,3737,7087,5069,3013,8945,8400,1844,3227,7844,4335,4792,7065,6103,6609,3018,9373,8524,9306,6531,5921,4413,4245,3971,2585,6250,5595,7340,8252,4933,7046,7225,1258,6075,7418,5856,3992,5002,4765,6997,6514,4791,4608,5224,6634,1948,6617,4579,4104,3293,7685,5143,5202,6649,8472,4372,5093,7081,5772,7736,6379,6364,8202,8430,5392,5697,8899,4829,7240,4191,7029,3887,8318,5047,4439,3087,3015,5536,4481,6088,8750,3389,2055,5734,3504,6091,3780
7589,4040,6761,6746,9232,3636,10530,8456,1966,5103,10064,2758,4528,9527,4162,5625,8324,9950,11627,11259,7601,9696,8755,8667,5915,2143,7536,10325,6692,10229,5755,6476,10855,1881,4545,7604,7274,6428,4765,9686,4335,7599,3868,3059,4741,4545,1987,7304,7080,2135,1659,5882,10197,6800,9691,10862,3115,10284,10093,8485,8999,9083,5223,9563,10651,5771,3436,11379,8935,8750,3660,4212,7755,9924,3631,8493,5952,7376,10050,8075,8842,10921,3893,1261,3920,7830,4798,3145
8897,6472,5939,8741,6947,3747,10895,10172,2140,5329,10236,5277,6552,9147,7641,6815,4234,11483,9844,11422,8253,8751,6031,5719,6081,3831,7774,8297,8848,10384,6459,7526,9243,1858,7637,8066,7332,6488,5574,6171,8563,7322,5197,4804,7188,6982,2900,8075,6961,4480,3319,8919,7833,7430,9211,10372,5628,8171,9255,8096,9244,8785,7864,10170,10886,7460,7363,10893,7315,9444,5413,7859,5845,9214,5957,6573,3797,4213,7104,7059,7136,10790,4211,3169,6346,4640,6785,3856
12074,11296,8164,12905,7085,4793,13695,14148,2662,8528,13556,9077,11032,11470,13237,8000,1610,15719,9481,14239,11146,11665,5358,4606,9188,7314,9954,9906,12948,13275,9202,8950,10174,2661,12866,9106,9274,10060,6997,4335,14934,7879,6927,6665,12391,9681,5169,10693,10143,7265,4910,13511,9098,11130,12170,12230,9889,10281,11236,10843,11325,11716,12513,13291,14335,12017,13641,12872,9070,13062,8839,12521,6560,9350,9468,7510,2435,2531,6062,9602,6582,13217,5584,6714,9478,2810,9561,4503
9508,5426,5088,8788,7501,3995,11885,10679,2432,4026,10364,4922,5596,9538,6919,8653,5427,12031,12176,12428,8491,8041,6796,6668,5072,2757,8284,8000,9103,10975,6301,9261,10210,1645,7015,9957,7813,5076,6514,7599,7879,8949,6064,5697,6007,8218,2204,8610,5968,4758,3942,9308,7499,6584,8922,11547,4924,7277,9709,7719,10333,8510,7585,10771,11139,6493,6178,12119,6833,9375,4952,8251,5724,11577,5978,6460,4912,5094,8432,6122,8834,11779,4425,1969,6938,5788,7574,4945
6984,4538,3050,6723,4216,2762,8250,7927,1734,2708,7080,4285,4500,6326,5982,6455,2157,8772,7709,8539,6011,5008,3584,3424,3414,2441,5730,4588,7015,7522,4521,6803,6342,1086,5903,7055,5339,3344,4791,3868,6927,6064,4685,4602,4926,6603,1793,6161,3909,4155,3362,7509,4115,4630,5818,7701,4257,4020,6267,5034,7162,5612,6138,7562,7638,4974,5621,8093,3945,6601,3997,7034,3110,7727,4952,3604,2561,2271,4646,3666,5432,7984,3131,1985,5684,2750,5957,3704
6508,4110,2204,6250,3345,2491,7525,7377,1628,1986,6204,4124,4020,5518,5679,6407,1385,8083,7026,7738,5413,3917,2772,2644,2676,2131,5168,3456,6601,6727,4011,6647,5454,869,5561,6791,4783,2468,4608,3059,6665,5697,4602,4625,4407,6608,1526,5660,3050,4172,3450,7254,2965,3876,4846,6929,3990,2761,5391,4159,6589,4710,5777,6859,6739,4357,5316,7285,2927,5837,3682,6971,2256,7275,4778,2684,2114,1580,3820,2670,4874,7191,2843,1743,5610,2072,5816,3693
12278,8546,6798,11978,8431,5005,14735,13999,2992,6116,13284,7472,8556,11848,10629,10323,4687,15641,13436,15348,10981,10451,7226,6858,7242,4867,10384,9730,12303,13755,8451,11121,11880,2245,10545,11697,9733,7476,8034,7529,12109,10309,7694,7357,9387,10618,3624,10980,8278,6778,5252,12798,8989,9244,11472,13867,7704,9167,11859,10019,12633,11000,10885,13651,14219,9593,10148,14569,8503,12335,7302,11661,6734,13037,8508,7670,4782,4804,8872,8112,9594,14419,5655,4019,9398,5508,9924,5885
10084,10354,9092,11038,7511,4237,11795,11919,2132,9278,12644,7500,10252,10722,11257,5049,2727,13477,7702,12414,9963,12347,5916,5148,9644,7037,8800,10896,10775,11921,8485,6137,9634,2755,11031,6473,8289,10940,5224,4741,12391,6007,4926,4407,11521,6520,5074,9164,10702,5244,3062,10658,10363,11052,12130,10719,8626,11903,10705,10905,9515,11578,10615,11661,13221,11395,11844,11275,10049,12067,7830,9357,7472,6917,7606,8372,2454,3372,6148,10658,5542,11633,4901,6465,6982,3384,7120,2763
9455,6064,3421,9107,5009,3641,10965,10728,2356,3095,9140,5987,5944,8125,8275,9149,2138,11777,10180,11290,7927,5941,4161,3961,4079,3189,7554,5271,9588,9852,5905,9526,8029,1314,8111,9754,7000,3832,6634,4545,9681,8218,6603,6608,6520,9450,2292,8245,4647,5984,4913,10481,4571,5802,7229,10112,5836,4329,7957,6220,9576,7015,8412,10018,9910,6464,7773,10631,4489,8592,5395,10025,3467,10478,6915,4099,3107,2411,5648,4133,7080,10502,4153,2619,8062,3104,8367,5268
4091,4536,4221,4589,3303,1759,4815,4876,832,4327,5420,3117,4504,4569,4753,1609,1226,5555,2886,5096,4191,5603,2597,2237,4415,3173,3654,4963,4408,4990,3649,2118,4057,1248,4663,2274,3456,5088,1948,1987,5169,2204,1793,1526,5074,2292,2294,3759,4893,1994,1021,4247,4771,4942,5361,4376,3694,5559,4585,4846,3814,5103,4434,4836,5632,5030,5087,4603,4609,5176,3353,3631,3427,2446,3083,3815,961,1505,2572,4937,2108,4788,2037,2939,2658,1444,2705,854
10806,8242,7592,10755,8480,4562,13190,12403,2562,6942,12616,6573,8324,11208,9578,7897,4985,14016,11563,13841,10125,11032,7298,6866,7792,4999,9466,10378,10827,12672,8015,8807,11192,2356,9553,9443,8931,8408,6617,7304,10693,8610,6161,5660,9164,8245,3759,9821,8881,5417,3900,10861,9821,9406,11476,12509,7103,10388,11333,10120,11124,10942,9748,12396,13384,9456,9353,13139,9207,11681,6785,9538,7296,10755,7314,8194,4429,5027,8474,9004,8388,13070,5141,4211,7636,5482,8133,4454
9658,7018,6254,9496,7337,4039,11765,11043,2324,5636,10988,5790,7084,9804,8359,7503,4359,12439,10594,12318,8901,9269,6342,6006,6458,4139,8380,8742,9635,11177,6955,8249,9868,1975,8337,8801,7893,6860,6088,6487,9397,7939,5712,5319,7777,7720,3118,8738,7384,4968,3704,9776,8221,7944,9820,11163,6142,8561,9895,8625,9995,9376,8575,10977,11697,8035,8058,11725,7703,10159,5880,8679,6134,9989,6532,6914,4008,4374,7516,7436,7654,11621,4547,3435,6994,4848,7450,4251
9428,9442,10438,10115,9380,4286,11790,11091,2014,10016,13112,6149,9604,11410,9514,3815,5465,12848,8617,12583,9907,13900,7956,7252,10346,6513,8898,13032,9651,12210,8449,5095,10978,2982,9527,5827,8503,11920,4579,7080,10143,5968,3909,3050,10702,4647,4893,8881,11661,3695,1790,8837,12731,11430,13190,11225,7453,14352,11707,11866,9450,12472,9306,11602,13630,11054,9957,11789,11905,12189,7093,7022,9290,6995,6276,10240,3785,5567,8174,12254,6504,11984,4843,5793,5356,5510,5757,2016
6241,4860,2735,6343,2991,2371,7015,7194,1472,2817,6204,4451,4704,5335,6273,5381,572,7879,5634,7216,5347,4379,2271,2023,3333,2857,4922,3633,6574,6448,4173,5684,4887,1010,6083,5720,4546,3368,4104,2135,7265,4758,4155,4172,5244,5984,1994,5417,3695,4106,3147,7173,3151,4458,5071,6278,4530,3295,5157,4432,6004,4929,6080,6586,6670,5044,6201,6607,3221,5966,4051,6899,2313,5892,4877,2741,1403,983,2980,3255,3848,6666,2753,2547,5370,1316,5447,3084
4553,2890,1149,4400,1895,1681,5125,5167,1138,1101,4084,3034,2780,3593,4139,4682,435,5603,4681,5233,3668,2267,1487,1399,1591,1476,3488,1861,4691,4502,2696,4797,3449,524,4016,4821,3203,1368,3293,1659,4910,3942,3362,3450,3062,4913,1021,3900,1790,3147,2625,5284,1480,2476,3021,4629,2885,1291,3446,2574,4514,2965,4142,4664,4464,2942,3896,4870,1552,3897,2602,5201,1131,5025,3493,1409,1214,660,2230,1405,3184,4826,1938,1238,4150,1022,4246,2708
12242,9734,7108,12431,7582,4892,14260,14121,2866,6934,13264,8277,9596,11544,11876,9543,3039,15698,11675,14817,11007,10654,6150,5622,7876,5893,10154,9438,12673,13462,8717,10369,10952,2366,11643,10717,9477,8320,7685,5882,13511,9308,7509,7254,10658,10481,4247,10861,8837,7173,5284,13297,8639,9894,11540,13083,8711,9202,11411,10158,12070,11102,11678,13458,14142,10562,11769,13757,8413,12551,7989,12300,6364,11509,9050,7294,3633,3555,7418,8428,8216,13828,5611,5169,9632,4098,9941,5424
9430,8100,10338,9562,10584,4436,12360,10910,2144,9290,13264,5142,8456,11886,8000,4508,7618,12772,10668,13240,9924,13960,9418,8890,9814,5380,9204,13694,9158,12626,8204,5790,12206,2898,8204,6822,8850,11208,4892,9188,8400,7066,3994,2998,9290,4572,4228,9018,11250,3088,1598,8110,13484,10844,13326,12190,6260,14712,12380,11906,10094,12546,8334,11862,13838,10030,8026,12788,12308,12038,6298,6068,9974,8678,5554,10942,5210,7222,10040,12190,8140,12726,4908,4504,4920,7328,5590,2422
10212,9012,11750,10425,11835,4859,13465,11842,2298,10594,14684,5561,9424,13144,8731,4476,8560,13917,11475,14457,10906,15751,10532,9924,11114,6066,10082,15460,9914,13871,9082,5936,13480,3269,8970,7100,9712,12764,5143,10197,9098,7499,4115,2965,10363,4571,4771,9821,12731,3151,1480,8639,15266,12178,14908,13312,6883,16735,13720,13343,10937,14022,9077,12979,15287,11205,8825,13964,13926,13320,6939,6315,11278,9160,5950,12352,5727,8107,11114,13844,8806,13917,5372,5102,5106,8166,5845,2375
10128,9820,10060,10794,9128,4468,12420,11882,2196,9736,13392,6758,9912,11620,10284,4858,4926,13632,9142,13178,10306,13592,7648,6944,10164,6646,9276,12584,10442,12644,8694,6082,11076,2940,10234,6730,8818,11584,5202,6800,11130,6584,4630,3876,11052,5802,4942,9406,11430,4458,2476,9894,12178,11444,13148,11694,7950,13680,11826,11796,10052,12472,10020,12148,13980,11292,10678,12286,11478,12518,7478,8212,8884,7786,6976,9848,3694,5154,8020,11820,6784,12488,5074,5926,6280,5188,6646,2632
12285,10730,11761,12624,11743,5497,15445,14255,2778,10905,16148,7434,10972,14277,11275,6686,7411,16419,12701,16405,12408,16115,10171,9475,11603,7040,11408,15353,12291,15522,10228,8125,14197,3416,11348,9109,10875,13096,6649,9691,12170,8922,5818,4846,12130,7229,5361,11476,13190,5071,3021,11540,14908,13148,15737,14845,8665,16339,14650,14042,12678,14897,11378,14844,16916,12690,11392,15586,13836,14881,8386,9401,10983,10881,7953,12149,5510,7324,10990,13865,9480,15622,6166,6058,7430,7526,8070,3664
13621,9570,9827,13201,11772,5890,17080,15519,3308,8547,16200,7559,9828,14629,11028,10208,8009,17662,15996,17986,12868,14324,10443,10003,9729,5632,12218,13929,13291,16387,10044,11399,15141,2987,11144,12443,11581,10460,8472,10862,12230,11547,7701,6929,10719,10112,4376,12509,11225,6278,4629,13083,13312,11694,14845,16523,8160,13828,14952,13051,14485,14103,11621,15889,17197,11389,10485,17344,12248,14783,8053,11186,9969,14619,8663,11129,6653,7691,12160,11685,11738,17085,6560,4518,9180,8348,10007,5757
7939,7816,6149,8605,5135,3223,9095,9348,1712,6383,9356,5997,7672,7905,8857,4665,1410,10459,6046,9504,7551,8555,3933,3381,6743,5189,6694,7371,8528,8990,6337,5390,7009,1936,8631,5546,6264,7520,4372,3115,9889,4924,4257,3990,8626,5836,3694,7103,7453,4530,2885,8711,6883,7950,8665,8160,6694,7871,7801,7758,7430,8311,8338,8916,9840,8422,9231,8587,6785,8992,6009,7911,4955,5750,6163,5615,1665,2001,4252,7217,4252,8852,3749,4779,5938,2100,6001,2598
10777,10364,13205,11314,12538,5146,14100,12606,2342,12199,15880,6250,10760,14063,9896,3895,8626,14836,11207,15167,11723,17474,11007,10247,12607,7173,10680,16929,10650,14751,9953,5534,14111,3663,10099,6710,10292,14612,5093,10284,10281,7277,4020,2761,11903,4329,5559,10388,14352,3295,1291,9202,16735,13680,16339,13828,7871,18630,14651,14687,11301,15371,10029,13781,16469,12697,10248,14509,15365,14508,7796,6682,12295,8686,6471,13457,5608,8308,11338,15523,8646,14587,5723,6195,5252,8230,5946,2007
12190,9484,10424,12109,11423,5407,15425,13998,2870,9320,15404,6909,9760,13806,10315,7842,7716,16069,13753,16335,11976,14651,10074,9546,10208,5924,11218,14190,11966,15173,9604,9116,14110,3067,10440,10136,10680,11300,7081,10093,11236,9709,6267,5391,10705,7957,4585,11333,11707,5157,3446,11411,13720,11826,14650,14952,7801,14651,14182,12981,12875,13876,10711,14565,16233,11359,10089,15694,12632,14080,7683,9423,10196,12116,7684,11306,5967,7443,11278,12338,10210,15563,6026,4908,7642,7842,8377,4365
10820,9642,10588,11186,10407,4853,13595,12579,2428,9870,14340,6616,9852,12650,10065,5677,6499,14501,11010,14450,10991,14443,8988,8348,10452,6377,10072,13728,10859,13721,9105,6973,12522,3067,10123,7837,9605,11836,5772,8485,10843,7719,5034,4159,10905,6220,4846,10120,11866,4432,2574,10158,13343,11796,14042,13051,7758,14687,12981,12545,11123,13290,10111,13109,15005,11387,10224,13703,12397,13231,7490,8245,9816,9369,7030,10852,4786,6448,9644,12474,8230,13761,5449,5517,6486,6592,7036,3099
12220,8550,8124,11866,9837,5183,15105,13925,2972,7130,14092,6996,8708,12678,10115,9539,6349,15751,14034,15850,11337,12025,8644,8260,8212,4975,10752,11552,12029,14363,8807,10515,12998,2529,10157,11331,10155,8724,7736,8999,11325,10333,7162,6589,9515,9576,3814,11124,9450,6004,4514,12070,10937,10052,12678,14485,7430,11301,12875,11123,12857,12078,10557,14031,14999,9985,9628,15209,10139,12929,7234,10559,8192,13079,8002,9196,5570,6196,10220,9670,10210,15003,5799,4027,8610,6824,9280,5401
11737,10254,11089,12070,11055,5229,14705,13621,2654,10309,15332,7156,10468,13541,10831,6464,6885,15667,12051,15607,11810,15219,9551,8887,10979,6718,10852,14461,11769,14754,9730,7819,13429,3232,10886,8731,10337,12376,6379,9083,11716,8510,5612,4710,11578,7015,5103,10942,12472,4929,2965,11102,14022,12472,14897,14103,8311,15371,13876,13290,12078,14109,10906,14132,16068,12082,10946,14808,13034,14147,8020,9101,10327,10375,7653,11433,5168,6834,10338,13073,8976,14850,5872,5792,7182,7034,7776,3548
10880,9622,7696,11378,7301,4439,12705,12669,2452,7670,12524,7628,9508,10786,11155,7295,2837,14183,9598,13270,10165,10993,5856,5248,8336,6147,9216,9732,11397,12327,8299,8203,10018,2445,10937,8539,8635,9124,6364,5223,12513,7585,6138,5777,10615,8412,4434,9748,9306,6080,4142,11678,9077,10020,11378,11621,8338,10029,10711,10111,10557,10906,10785,12211,13243,10517,11340,12221,8815,11889,7618,10583,6620,9167,8094,7504,3026,3380,6644,9074,6810,12407,5107,5511,8146,3680,8376,4101
13574,10454,10014,13526,11077,5791,16685,15589,3208,9128,16140,8168,10596,14356,11967,9621,6709,17675,14624,17544,12859,14417,9578,9018,10170,6397,12016,13642,13557,16125,10221,10827,14388,3067,11967,11691,11359,11052,8202,9563,13291,10771,7562,6859,11661,10018,4836,12396,11602,6586,4664,13458,12979,12148,14844,15889,8916,13781,14565,13109,14031,14132,12211,15709,17093,12095,11708,16687,12121,14909,8562,11679,9638,13439,9072,10790,5754,6700,11008,11868,10662,16597,6513,5381,9362,7236,10020,5411
14534,11790,11926,14666,12597,6311,18005,16761,3376,10968,17964,8788,11988,15932,13047,9385,7729,19115,15372,19004,14111,16801,10890,10202,11970,7433,13096,15930,14537,17669,11385,10831,15900,3571,13075,11839,12419,13228,8430,10651,14335,11139,7638,6739,13221,9910,5632,13384,13630,6670,4464,14142,15287,13980,16916,17197,9840,16469,16233,15005,14999,16068,13243,17093,18941,13751,12936,18059,14245,16585,9470,12007,11310,13779,9616,12598,6262,7696,12200,14100,11302,18021,7093,6321,9570,8140,10288,5235
10320,10198,9528,11118,8321,4419,12325,12141,2220,9470,13148,7288,10180,11282,10975,5239,3757,13803,8626,13010,10277,12957,6768,6032,9896,6883,9176,11700,10837,12451,8683,6387,10450,2849,10825,6867,8675,11220,5392,5771,12017,6493,4974,4357,11395,6464,5030,9456,11054,5044,2942,10562,11205,11292,12690,11389,8422,12697,11359,11387,9985,12082,10517,12095,13751,11433,11448,11973,10719,12425,7766,9091,8132,7607,7478,9072,3094,4216,7116,11186,6290,12251,5067,6231,6874,4264,7124,2865
10506,10754,8132,11559,6388,4214,11850,12427,2226,8642,12312,8257,10500,10292,12198,5981,1161,13860,7355,12361,9977,11260,4718,3934,9060,7211,8754,9502,11443,11752,8451,6935,8868,2580,11837,7043,8171,10136,5697,3436,13641,6178,5621,5316,11844,7773,5087,9353,9957,6201,3896,11769,8825,10678,11392,10485,9231,10248,10089,10224,9628,10946,11340,11708,12936,11448,12821,11039,8811,11929,8197,10790,6308,7091,8390,7174,1745,2103,5018,9528,5108,11470,4937,6719,8012,2186,8009,3326
14310,10068,10316,13875,12345,6185,17935,16306,3474,8980,17012,7955,10336,15358,11605,10722,8380,18555,16779,18885,13516,15037,10946,10482,10220,5928,12830,14614,13970,17207,10552,11972,15886,3137,11724,13064,12160,10988,8899,11379,12872,12119,8093,7285,11275,10631,4603,13139,11789,6607,4870,13757,13964,12286,15586,17344,8587,14509,15694,13703,15209,14808,12221,16687,18059,11973,11039,18206,12852,15528,8469,11769,10456,15340,9112,11674,6969,8053,12746,12266,12310,17937,6890,4760,9654,8742,10519,6047
9908,9110,11666,10253,11416,4710,12990,11537,2194,10656,14360,5587,9484,12782,8794,4029,8027,13556,10703,13953,10649,15552,10084,9444,11102,6211,9774,15152,9713,13466,8947,5477,12958,3246,8997,6569,9413,12800,4861,9596,9165,6996,3883,2762,10462,4281,4843,9527,12675,3089,1362,8459,14961,12122,14650,12779,6955,16524,13321,13138,10490,13784,9018,12602,14926,11222,8995,13407,13699,13079,6939,6198,11022,8457,5884,12072,5319,7673,10530,13730,8224,13420,5225,5299,4940,7674,5611,2116
9636,8780,10890,9963,10681,4521,12515,11214,2142,9982,13684,5531,9104,12160,8633,4196,7352,13119,10289,13411,10222,14589,9396,8788,10438,5942,9382,14148,9494,12893,8558,5544,12272,3055,8798,6540,9016,11988,4829,8935,9070,6833,3945,2927,10049,4489,4609,9207,11905,3221,1552,8413,13926,11478,13836,12248,6785,15365,12632,12397,10139,13034,8815,12121,14245,10719,8811,12852,12786,12496,6721,6329,10258,8272,5842,11256,4973,7073,9870,12820,7858,12871,5028,5082,5030,7106,5647,2229
12713,10778,10607,13013,10756,5490,15600,14723,2908,9951,15752,7987,10900,13865,11884,7896,6197,16766,12812,16458,12380,14844,9175,8511,10757,6904,11394,13901,12863,15383,10084,9179,13609,3183,11856,9983,10793,11948,7240,8750,13062,9375,6601,5837,12067,8592,5176,11681,12189,5966,3897,12551,13320,12518,14881,14783,8992,14508,14080,13231,12929,14147,11889,14909,16585,12425,11929,15528,12496,14627,8553,10722,9813,11487,8611,10941,5073,6311,10176,12521,9394,15577,6200,5974,8444,6636,8995,4393
7520,7066,5954,8003,5336,3114,8810,8807,1654,5980,9000,5373,6996,7710,7950,4511,2077,9908,6325,9235,7203,8304,4264,3784,6366,4641,6466,7364,7927,8698,5985,5219,7086,1846,7799,5471,6075,7088,4191,3660,8839,4952,3997,3682,7830,5395,3353,6785,7093,4051,2602,7989,6939,7478,8386,8053,6009,7796,7683,7490,7234,8020,7618,8562,9470,7766,8197,8469,6721,8553,5485,7130,5038,5887,5600,5676,2033,2479,4662,7002,4520,8648,3587,4201,5428,2606,5573,2512
10903,8624,5383,11104,5758,4218,12400,12580,2558,5441,11208,7668,8400,9669,10884,9019,1556,13852,9959,12803,9519,8358,4481,4025,6309,5145,8756,7111,11432,11525,7485,9628,8949,1901,10591,9772,8118,6508,7029,4212,12521,8251,7034,6971,9357,10025,3631,9538,7022,6899,5201,12300,6315,8212,9401,11186,7911,6682,9423,8245,10559,9101,10583,11679,12007,9091,10790,11769,6329,10722,7130,11674,4637,10196,8377,5415,2686,2198,5658,6393,6874,11869,4879,4571,9092,2734,9268,5153
7583,6490,8595,7664,8843,3613,10045,8767,1726,7671,10852,4018,6812,9755,6299,3488,6531,10307,8767,10783,8066,11567,7913,7489,8089,4326,7496,11419,7307,10304,6674,4557,10091,2390,6494,5445,7223,9264,3887,7755,6560,5724,3110,2256,7472,3467,3427,7296,9290,2313,1131,6364,11278,8884,10983,9969,4955,12295,10196,9816,8192,10327,6620,9638,11310,8132,6308,10456,10258,9813,5038,4637,8349,7041,4351,9143,4394,6144,8410,10135,6724,10388,3984,3596,3790,6218,4366,1862
